2147396493|98762347346
2147211676|98762348749
2147077122|98762019230
2147008475|98762003138
2146766626|98762011073
2146709629|98762653591
2146626777|98762015482
2146536559|98762649007
2146392604|98762646301
2146292133|98762016841
2146283619|98762016765
2146190214|98762347869
2146144166|98762005092
2146111644|98762350028
2146081983|98762013269
2146040093|98762018632
2146031883|98762348257
2145836433|98762006696
2145831827|98762645951
2145735529|98762015812
2145562669|98762007780
2145466948|98762016040
2145446559|98762348139
2145405940|98762648439
2145380710|98762648510
2145241199|98762007459
2144922909|98762002657
2144891530|98762653185
2144867631|98762350451
2144853057|98762017298
2144819587|98762649059
2144663467|98762646337
2144602510|98762646983
2144516408|98762017978
2144474494|98762016306
2144368034|98762012008
2144081728|98762649561
2144014784|98762348269
2143807334|98762650734
2143791481|98762648842
2143675603|98762016165
2143556482|98762350842
2143419254|98762653053
2143319983|98762348287
2143151203|98762653832
2143029247|98762354693
2142769314|98762000492
2142681243|98762010392
2142542262|98762002241
2142516621|98762349234
2142485418|98762003380
2142425895|98762646288
2142293107|98762350528
2142208414|98762003427
2142135218|98762008866
2142097563|98762002225
2141956368|98762652707
2141769309|98762346463
2141710194|98762007890
2141698493|98762000076
2141674930|98762352212
2141652282|98762351995
2141607434|98762013799
2141510458|98762011567
2141425815|98762352332
2141404186|98762016184
2141344654|98762349635
2141238850|98762652842
2141180288|98762351867
2141133799|98762349598
2141054836|98762005256
2141028728|98762015614
2140749346|98762346965
2140740312|98762354640
2140521102|98762648461
2140468503|98762015991
2140458592|98762653962
2140402514|98762002196
2140255752|98762649629
2140101284|98762004403
2140061030|98762346719
2140052696|98762652537
2139885255|98762349352
2139867822|98762013257
2139804765|98762351165
2139438361|98762646610
2139237189|98762009142
2139235766|98762002142
2139100436|98762653342
2138992396|98762017025
2138937480|98762017529
2138896886|98762005805
2138806867|98762015492
2138785273|98762018974
2138612648|98762646731
2138599386|98762647721
2138415648|98762352340
2137986306|98762645839
2137971978|98762350793
2137936297|98762013975
2137744319|98762647354
2137371504|98762008641
2137153174|98762005346
2136888743|98762005093
2136814466|98762648475
2136700277|98762652335
2136570768|98762349095
2136403743|98762002338
2136306224|98762347000
2136249363|98762003439
2136148992|98762354598
2136093714|98762346316
2135978835|98762652807
2135977889|98762348584
2135874323|98762002086
2135800214|98762016909
2135798722|98762008792
2135668764|98762003440
2135659945|98762010454
2135490937|98762647704
2135166189|98762652831
2135067494|98762351125
2134778976|98762347281
2134583629|98762002935
2134524334|98762012483
2134351734|98762647444
2134224993|98762012194
2134180418|98762002917
2134148179|98762016646
2134009839|98762352237
2134001471|98762653341
2133974233|98762015724
2133867734|98762345625
2133769371|98762000249
2133759316|98762006868
2133482107|98762003712
2133468329|98762009074
2133312128|98762013705
2133081664|98762347536
2133056969|98762013637
2132860277|98762015740
2132802474|98762348004
2132679935|98762004900
2132616952|98762349295
2132554994|98762016056
2132450960|98762647424
2132373220|98762348168
2132242411|98762016713
2132109645|98762645770
2132019857|98762014822
2131898673|98762010761
2131810706|98762016221
2131547840|98762011593
2131419872|98762006679
2131237460|98762354532
2131146326|98762014216
2131137572|98762653826
2131099849|98762652309
2131061280|98762350656
2130947059|98762349718
2130820126|98762653263
2130772895|98762653766
2130742033|98762648368
2130738361|98762653698
2130683933|98762011394
2130671579|98762001952
2130666257|98762350748
2130642509|98762649467
2130635961|98762012440
2130296928|98762646365
2130204352|98762348519
2130194966|98762016255
2130173082|98762351136
2130091969|98762007059
2130045198|98762009633
2129869456|98762008052
2129865825|98762653065
2129825015|98762013445
2129822377|98762649334
2129809873|98762003137
2129799866|98762653871
2129741016|98762002609
2129693598|98762647913
2129689607|98762013314
2129669659|98762351316
2129638765|98762346534
2129550540|98762012007
2129501489|98762010352
2129411198|98762350252
2129268095|98762351004
2129264053|98762003999
2129218963|98762647208
2129186756|98762002139
2129068817|98762005095
2128953851|98762018645
2128638688|98762647544
2128574631|98762347070
2128542137|98762348113
2128251411|98762351355
2128132697|98762653115
2128102684|98762015104
2128101728|98762013885
2128093156|98762015497
2128057970|98762350292
2128047017|98762354648
2127967209|98762350092
2127960835|98762649101
2127912866|98762350105
2127724115|98762010999
2127597358|98762347122
2127565660|98762649908
2127550087|98762006996
2127411543|98762016087
2127390986|98762347362
2127337473|98762011453
2127335587|98762012462
2127311229|98762647676
2127237626|98762652855
2127125744|98762650288
2127116399|98762008826
2127086072|98762649819
2127076234|98762003672
2127047118|98762646690
2127045359|98762004921
2126847941|98762354668
2126697998|98762653278
2126671927|98762346156
2126459935|98762653615
2126220470|98762016877
2126099263|98762009784
2125948714|98762346568
2125931661|98762016312
2125796300|98762015926
2125745889|98762011574
2125654587|98762347483
2125459466|98762346187
2125346452|98762014727
2125344177|98762349145
2125189135|98762346558
2125117042|98762649681
2124908162|98762347904
2124772990|98762348947
2124744406|98762347527
2124564735|98762015575
2124533163|98762006287
2124526887|98762349903
2124422581|98762013224
2124389969|98762000246
2124378031|98762348306
2124339880|98762001642
2124274274|98762014169
2124241052|98762015426
2124147498|98762008869
2124108898|98762348164
2123883373|98762646962
2123861176|98762351863
2123838129|98762000600
2123578083|98762008244
2123459548|98762004075
2123285679|98762646258
2123110795|98762016824
2123109844|98762649481
2123047115|98762014620
2123013642|98762351823
2122909932|98762019625
2122883803|98762646019
2122876042|98762346419
2122856922|98762002873
2122703709|98762354619
2122654441|98762012282
2122398475|98762652623
2122281655|98762347644
2122149134|98762014362
2122138154|98762001908
2121972882|98762003862
2121950743|98762649845
2121790765|98762012982
2121663825|98762348073
2121533035|98762009812
2121222959|98762653829
2121208154|98762653050
2121093087|98762653666
2121039208|98762648327
2120894790|98762351735
2120835459|98762017856
2120752366|98762009643
2120707501|98762648194
2120694228|98762012350
2120572816|98762009832
2120453446|98762349611
2120372844|98762652606
2120355327|98762648348
2120323111|98762349795
2120111234|98762648858
2120044861|98762008714
2119956963|98762647528
2119934915|98762351051
2119837517|98762019132
2119808110|98762004368
2119531517|98762652486
2119516036|98762646858
2119475133|98762348506
2119410342|98762349696
2119117067|98762014775
2118892548|98762008886
2118865729|98762008353
2118841937|98762349316
2118813603|98762016848
2118687588|98762002013
2118685170|98762009609
2118580538|98762015828
2118436077|98762007383
2118391497|98762007499
2118210555|98762014786
2118137713|98762014690
2118112366|98762007806
2118074069|98762004373
2118062746|98762347184
2118043641|98762010805
2117911975|98762011430
2117897742|98762348931
2117883888|98762347407
2117833208|98762001732
2117773029|98762007967
2117744336|98762003073
2117617251|98762007675
2117599454|98762351068
2117596810|98762350499
2117518909|98762016383
2117456411|98762354611
2117379370|98762011431
2117367856|98762014977
2117009823|98762007603
2116914599|98762350779
2116885455|98762352241
2116851074|98762347925
2116816204|98762013611
2116807063|98762347808
2116666647|98762647086
2116664091|98762011397
2116582200|98762016760
2116534915|98762008921
2116484974|98762009025
2116456647|98762016271
2116436313|98762017523
2116088020|98762653465
2116047812|98762014684
2115971376|98762346144
2115935484|98762014101
2115743321|98762017311
2115703732|98762348807
2115651209|98762015782
2115626871|98762009169
2115434947|98762015463
2115424168|98762009504
2115360982|98762018211
2115193607|98762009441
2114981640|98762645650
2114831978|98762350734
2114810451|98762012004
2114685382|98762649995
2114641146|98762009779
2114636210|98762648100
2114493100|98762346726
2114236316|98762650172
2114097908|98762351160
2114017336|98762351090
2114012233|98762348029
2113633545|98762652967
2113612390|98762006944
2113599677|98762647181
2113593776|98762012132
2113587075|98762352189
2113539605|98762649171
2113452232|98762645910
2113229444|98762009238
2113138794|98762011277
2113062842|98762649724
2112946923|98762349384
2112895943|98762349081
2112601334|98762002585
2112578589|98762010047
2112397449|98762018213
2112073917|98762002310
2112061806|98762003571
2112026191|98762350334
2111764047|98762350566
2111563057|98762010282
2111497823|98762647093
2111469603|98762350405
2111443943|98762652508
2111178002|98762648804
2111153479|98762347241
2111140175|98762015015
2110971395|98762647039
2110882989|98762346535
2110878224|98762354683
2110868614|98762007384
2110767286|98762010735
2110667460|98762004084
2110615667|98762647486
2110486156|98762652579
2110461988|98762001768
2110347074|98762648364
2110320819|98762648503
2110250984|98762003746
2110012576|98762350679
2110010591|98762016640
2109882474|98762004349
2109868814|98762351166
2109860607|98762007907
2109857052|98762014707
2109484444|98762354551
2109303706|98762350166
2109277686|98762653791
2109046165|98762352326
2108998490|98762001815
2108989802|98762347002
2108740184|98762018007
2108686711|98762348838
2108606184|98762009401
2108590714|98762646960
2108586712|98762352032
2108338368|98762349719
2108231380|98762348134
2108208874|98762015623
2108193885|98762646948
2108185521|98762345832
2108129926|98762653905
2107874920|98762017874
2107799268|98762015764
2107760173|98762648345
2107743445|98762006354
2107735916|98762350866
2107714452|98762015136
2107704185|98762018391
2107659551|98762345924
2107651809|98762014462
2107628110|98762015772
2107553307|98762010301
2107396752|98762653544
2107327686|98762002970
2107280584|98762346604
2107279999|98762009217
2107126353|98762349362
2107017916|98762016785
2106986520|98762007847
2106885876|98762646226
2106704347|98762648474
2106547741|98762017910
2106422482|98762350365
2106320680|98762016283
2106251733|98762012555
2106237603|98762349405
2106133951|98762645766
2106097474|98762647553
2106060754|98762354615
2105939709|98762351213
2105402109|98762349686
2105359053|98762647227
2105337819|98762350590
2105322134|98762347003
2105277150|98762323240
2105170811|98762351808
2104609813|98762649271
2104383035|98762647965
2104359384|98762647140
2104326449|98762008913
2104177008|98762349578
2103934909|98762347821
2103837069|98762351889
2103795302|98762002591
2103630147|98762352202
2103606007|98762016274
2103546813|98762002922
2103523210|98762346955
2103276813|98762349538
2103272673|98762014574
2103192307|98762007797
2103073215|98762648973
2103006020|98762649656
2102955092|98762002926
2102926056|98762652946
2102925618|98762004336
2102910047|98762019353
2102752609|98762648319
2102668387|98762350307
2102651588|98762653034
2102411541|98762347601
2102201935|98762011993
2102033187|98762653191
2102007740|98762352276
2101991143|98762003198
2101872281|98762016086
2101804885|98762019170
2101685665|98762346476
2101606873|98762004117
2101603218|98762005370
2101168744|98762647891
2101144326|98762002328